length - 30, capacity 50
dataset 1:
sizes = {10, 9, 9, 8, 7, 7, 7, 6, 6, 6, 6, 6, 5, 4, 4, 4, 3, 3, 3, 3, 2, 2, 2, 2, 2, 1, 1, 1, 1, 1}
vals  = {18, 4, 15, 10, 6, 14, 9, 9, 18, 12, 14, 6, 7, 15, 19, 5, 7, 3, 5, 10, 13, 16, 19, 4, 8, 4, 9, 2, 12, 16}

dataset 2:
sizes = {10, 10, 10, 10, 10, 9, 9, 9, 9, 9, 9, 9, 9, 8, 8, 8, 6, 6, 5, 5, 4, 4, 4, 4, 3, 2, 1, 1, 1, 1}
vals  = {20, 12, 4, 2, 18, 14, 7, 9, 13, 8, 19, 15, 12, 12, 18, 1, 13, 12, 15, 20, 15, 18, 5, 2, 2, 1, 8, 15, 12, 19}

dataset 3:
sizes = {10, 9, 9, 8, 8, 8, 8, 7, 7, 6, 6, 6, 6, 6, 6, 6, 5, 5, 5, 5, 4, 4, 4, 3, 2, 2, 1, 1, 1, 1}
vals  = {14, 2, 12, 15, 14, 8, 18, 20, 8, 5, 12, 14, 5, 11, 13, 2, 16, 18, 1, 12, 20, 14, 14, 5, 10, 6, 12, 15, 10, 18}

dataset 4:
sizes = {10, 10, 10, 9, 8, 8, 8, 8, 8, 8, 7, 7, 7, 7, 7, 6, 6, 6, 6, 5, 5, 5, 4, 4, 4, 2, 2, 2, 2, 1}
vals  = {19, 18, 15, 18, 14, 2, 7, 13, 3, 8, 17, 10, 18, 16, 1, 5, 2, 9, 2, 13, 18, 7, 8, 3, 13, 3, 13, 15, 5, 18}

dataset 5:
sizes = {10, 9, 9, 9, 9, 9, 8, 7, 7, 7, 7, 7, 6, 6, 6, 6, 5, 5, 4, 4, 4, 4, 3, 2, 2, 2, 2, 1, 1, 1}
vals  = {16, 4, 12, 13, 9, 8, 7, 12, 4, 8, 10, 9, 8, 4, 19, 2, 6, 18, 9, 15, 6, 8, 15, 6, 17, 4, 1, 20, 7, 17}

dataset 6:
sizes = {10, 10, 10, 9, 9, 8, 8, 8, 8, 8, 7, 7, 7, 6, 6, 6, 5, 5, 5, 4, 4, 3, 3, 3, 2, 2, 2, 1, 1, 1}
vals  = {12, 2, 8, 7, 2, 10, 18, 10, 3, 6, 4, 1, 15, 1, 9, 2, 20, 18, 7, 4, 4, 8, 7, 16, 2, 1, 12, 12, 9, 6}

dataset 7:
sizes = {10, 10, 10, 9, 9, 9, 9, 8, 8, 8, 8, 8, 7, 7, 7, 6, 5, 5, 5, 4, 4, 3, 3, 2, 2, 2, 2, 1, 1, 1}
vals  = {7, 16, 19, 3, 13, 14, 2, 11, 1, 18, 12, 1, 8, 9, 5, 6, 3, 1, 13, 15, 2, 7, 8, 3, 15, 2, 14, 11, 8, 12}

dataset 8:
sizes = {10, 10, 9, 8, 8, 8, 6, 6, 6, 6, 6, 6, 5, 5, 5, 4, 4, 4, 4, 4, 3, 3, 3, 3, 2, 2, 2, 2, 1, 1}
vals  = {3, 17, 11, 18, 9, 20, 2, 3, 3, 11, 9, 2, 11, 18, 7, 2, 15, 15, 18, 3, 13, 18, 12, 20, 3, 19, 19, 7, 1, 14}

dataset 9:
sizes = {10, 10, 10, 10, 9, 8, 8, 8, 8, 8, 7, 7, 7, 6, 6, 6, 6, 5, 4, 4, 4, 3, 3, 3, 3, 1, 1, 1, 1, 1}
vals  = {10, 7, 7, 14, 17, 11, 1, 2, 15, 14, 7, 18, 8, 5, 2, 6, 1, 11, 9, 3, 10, 11, 12, 13, 7, 18, 18, 6, 4, 18}

dataset 10:
sizes = {10, 10, 9, 9, 9, 7, 7, 7, 7, 6, 6, 6, 6, 6, 6, 5, 5, 5, 4, 4, 4, 4, 4, 4, 3, 3, 3, 2, 1, 1}
vals  = {1, 4, 19, 14, 11, 9, 17, 4, 9, 19, 4, 3, 2, 9, 2, 8, 18, 7, 9, 8, 20, 7, 5, 4, 4, 6, 12, 15, 16, 7}

dataset 11:
sizes = {10, 10, 10, 9, 9, 9, 9, 9, 8, 8, 8, 8, 8, 8, 7, 7, 7, 6, 6, 6, 4, 4, 3, 3, 2, 2, 2, 1, 1, 1}
vals  = {20, 12, 11, 3, 7, 8, 6, 11, 5, 2, 1, 12, 11, 14, 2, 8, 10, 15, 3, 19, 2, 16, 6, 7, 12, 2, 3, 8, 1, 7}

dataset 12:
sizes = {10, 10, 10, 9, 8, 8, 8, 8, 7, 7, 7, 6, 6, 6, 6, 6, 6, 5, 5, 5, 4, 3, 3, 3, 2, 2, 2, 1, 1, 1}
vals  = {2, 13, 14, 11, 14, 7, 17, 1, 10, 7, 11, 8, 5, 13, 5, 9, 2, 19, 18, 7, 12, 7, 11, 7, 17, 5, 19, 6, 1, 11}

dataset 13:
sizes = {10, 10, 9, 9, 9, 8, 8, 8, 8, 7, 6, 6, 6, 6, 5, 5, 5, 5, 5, 5, 4, 4, 4, 3, 3, 2, 2, 1, 1, 1}
vals  = {10, 16, 9, 13, 16, 18, 10, 12, 5, 18, 20, 10, 9, 2, 19, 11, 7, 20, 18, 7, 18, 18, 2, 3, 9, 14, 1, 9, 6, 4}

dataset 14:
sizes = {10, 10, 10, 10, 10, 8, 6, 6, 6, 6, 5, 5, 5, 5, 4, 4, 4, 3, 3, 3, 2, 2, 2, 2, 2, 1, 1, 1, 1, 1}
vals  = {9, 6, 15, 9, 16, 18, 2, 19, 4, 16, 20, 18, 8, 10, 8, 1, 14, 16, 4, 3, 11, 7, 10, 11, 7, 7, 14, 18, 20, 11}

dataset 15:
sizes = {10, 10, 10, 10, 9, 9, 9, 9, 9, 9, 8, 8, 8, 8, 8, 7, 7, 6, 6, 6, 6, 5, 5, 5, 3, 3, 2, 2, 2, 1}
vals  = {14, 8, 7, 16, 12, 16, 5, 7, 17, 3, 12, 3, 19, 1, 3, 13, 17, 8, 15, 9, 2, 8, 18, 7, 1, 3, 15, 2, 16, 17}
